100
75,62,42,46
30,40,0,48,74,39
19,83
86,86
69,97
59,34,51
16,93,67
60,50,17
92,15,39
55,92,75,30,31
1,66,99,87,52,10,9,49,44
84,96,92,52,89,59,95,2,62
76,6,80,68,33
60,60,65,43,58,67
57,6,61,19,15,63,63,83,99,11
51,53,39,98,55,1,63,31
95,51,44,30,11,4,48,54,62,67
71,73,77,90
40,6,24,39,69,52,42,22,91,41
44,56,61,55,51,64,0,33
56,81,82,71,0,46,94
23,85,63,15,43
54,12,91,96,35,82,89,64,78,45
34,48,42,86,82,70,94,15
17,16,50
42,25,49
40,92,96,94,56,88
43,22,84,8
82,37,87,30
25,64
71,32,58,89
8,1,42,34,50,99,26,42,95
50,83,16,94
0,54,11,82,43,50,65,75,75
80,46
38,35,13,47
55,33,38,54,11,32,50,84,83
0,77,91,53
2,87,26,52
53,79,34
78,99,72,65,13
54,68
92,23,68,77,73,52,60
5,89,2,10,24,56,97,50,61
4,92,88
70,87,62,36,52,86,42,21,94
96,14,63,21,19,75,31
16,33,86,40,42
91,3,37,47,95,77
18,17,99,6,69,37,48,42
34,90,46
11
25,43,41,94,28,27
70,63,77,25,52
21,82,61,91,99
97,20,50,45
34,31,5,81,81,69
59,12,92,53,92,19,39,63,34
40,39,41,13,21,55,4,72
1,44,18,98,11,5,30,69,38
38,36,74,2
27
52,67,9,86,36
77
63,50,84,20,74,52,73,71
72,82,28,54
66,69
54,44,43,35,23,38,87,42,99,25
1,55,8,17,5,92,37,32,45
3
34,85,48,88,89,66,58,78,20
22,7,77,12,46
63
98,65,79,58,82
51,71,68,48,81,23,68
9,16,56,98,82,66,28,54,20
14,98,66
70
36
47
79,29,4,82,52,24,30,85
98,53,9,66,10,59,0,76,39
49,94,20,99,60
69,42,69,89
37,20,70,93,2,22,69,32,8,69
61,30,48
89,48,52,81
53,27,75,52,39,8
82,30
23,67,83
12,37,20,81,70,80,51
94,33,53
75,1,21,56,56,74,83,84
22,92,99,56,22,14,32
49,78
86,98,87,8
90,61
23,14,42,98,67,16
24,90,89,8,69
52,68,72,27,34
